18550.8 -3314.86
21875.1 -5636.1
4181.68 1961.9
18995.6 261.097
-6841.31 -14280.4
-18533.5 5740.31
-19430.4 20202.5
8523.71 -11801.3
12858.5 -15597.5
6370.23 19105
-5440.23 -1281.99
1545.95 -19751.9
-19305.1 15180.4
-21733.7 3654.14
17622.7 4212.28
18320 15263.4
10423.6 -11155.7
-20822.1 1871.27
-22316.6 960.103
3087.14 -16547.7
-1283.42 -5391.3
21325.1 -16422.6
8746.21 2082.87
-779.371 -20667.3
-7283.83 -18974
21129.2 1871.98
-4153.23 -2194.56
-4852.44 -14556.5
-22165.3 4591.5
-14179.3 7888.94
-16194.8 -10860.2
-6918.44 -18579.2
2605.99 -6265.38
-9639.94 -9168
-19084.3 14211
12547.6 -12409.8
-647.568 -10555.5
-11671.1 -5439.07
-8621.62 17099.6
3288.45 -8208.68
4086.05 15053.5
18109 2267.37
-12431.3 -767.801
-21182.2 -18582.8
2077.93 -16214.1
12014 21824.4
-6046.54 9098.48
19320.5 7112.07
6520.64 -9117.4
20987 7063.44
-5813.98 -15138.2
9087.29 11057.3
-15726.2 2152.55
14750 18924.1
4124.23 14056.8
-20229.6 427.253
-10810.4 -6295.44
-8505.03 477.724
5972.18 -21032.9
14587 -5633.45
-4141.92 -2879.92
-15612.1 4493.69
16848.1 -13004.6
1718.85 928.917
-22214.9 -15223
22301.8 -8114.74
-1403.53 6172.6
-6794.43 3048
-12586.1 -10480
-2053.41 -11916.9
19542.6 6676.26
8065.9 -19129.6
9599.26 -5523.04
14843.6 2256.88
12083.6 6175.08
-13231.7 13895.8
-3760.4 -6407.84
-5089.83 3187.62
15210.2 19544.3
-2494.69 -1592.72
3648.92 -8545.1
17857.9 6655.64
322.405 -19024.3
-6196.2 -11972.5
-1906.39 -2810.21
14588.4 -8950.67
4960.65 -1017.1
21661.8 -16980
10377.4 19354.9
6018.33 -6176.19
-8108.93 -11286.6
3583.43 -16601.7
16668.7 7.34808
3986.94 -18780
21644.9 -11010
18404.2 -7565.34
-14885.6 -16437.6
21922.7 13063.7
11042.5 -4545.86
15347.4 17070.5
20697.2 -10183.2
13225.6 -2533.82
4444.33 4500.75
19299.1 -7714.18
-15214.3 2147.55
5896.67 353.304
-20862 9962.38
7254.72 -13730.3
-525.414 16207.4
-3246.4 -21517.5
-13738.3 -4634.47
8150.48 9799.73
-863.897 10282.4
-9102.58 -8198.04
6881.97 -1483.58
9659.99 13161.2
-7328.55 -4153.75
15040.1 14058.6
3625.78 2733.86
15672.9 3429.37
-19452.1 1875.61
9340.2 2092.05
-21633.5 -17567.5
1287.64 -20508.5
-4353.87 12495
-12092.3 1051.09
-290.595 21672.7
17931.9 9031.14
21619.2 -22165.5
9001.2 19486.9
-22328.3 16604.3
-15847.9 -19971.2
-14297.5 7895.96
-4568.13 -18685.4
2240.4 -10542.6
22353.8 16318.5
14748.7 -21533.2
-3113.88 -1211.14
-10542.1 -17850
-21845.4 -8625.93
12866.9 6893.68
-13113.8 19975.6
19559.2 17102.9
20741.1 -20342.8
17448.2 7334.69
15036.1 13139.6
-558.108 -12853.6
517.986 15502.1
-3111.82 18875.9
5459.5 14137.1
3684.82 9015.18
-8150.29 20675.8
9171.45 -21893.6
10636.3 21193
21866.2 -10738.8
16955.4 834.2
1382.6 20994.7
-9529.84 12170
16824.3 18166.2
13097 -3081.25
17412.6 6013.02
-12977.5 14292
-5260.85 -6718.56
-3182.03 17579.1
-21634 -7402.63
18837.8 -19765.2
-11322.1 12099.6
15495.5 -7818.17
-7957.47 -9660.09
-16345.1 -22182.6
-13259.3 -3634.83
-7964.25 12503.5
62.3967 -18524
-19545.6 21043
-16401.2 17039.4
-20716.1 -14031.9
-19214.3 -5323.19
-19034 6488.98
8113.2 -16937.5
-8037.09 0.517002
-6406.08 14839.8
18789 3861.47
-15171.8 8587.1
-7451.79 11737.7
7164.9 -8776.38
16054.9 -14574.4
-18765 15000.4
-11760.3 -7742.65
17799.8 -7856.34
-6533.49 -9098.24
3061.41 1987.37
8794.63 -21822.5
2571.1 6302.77
1394.79 4088.32
-9458.26 -20626.3
-20579.4 11094.7
-14012.7 21137.3
-10663.8 -5755.34
-13860.2 1134.39
324.387 -6410.83
21130.5 15998
2101.79 -1871.99
3491.19 2646.83
14070.4 -1426.03
-14335.1 14987.9
16965.5 -21133.6
1713.5 13331.6
7964.22 -12509.5
-6647.35 -19388.7
-5642.79 -12494.5
9581.82 -2064.79
-20282.2 -8693.43
-12742.1 18071.9
12287.4 9920.19
13146.4 -9775.74
1377.84 -16176.1
-14864.7 15317
17055.6 9644.59
15088.6 930.624
18991.6 -4570.75
-18947.2 11205.4
2110.76 6393.55
11195.8 13720
12021 21112.9
16862.1 -9967.22
-14760.9 20313.7
13181.1 8806.54
5770.48 -5738.22
-17169.4 15450.6
332.856 5527.01
-21736.9 -16421.6
-16608.1 -21711.9
-15683.7 9328.59
10307.8 1389.66
15546.3 15459
13623.2 -4814.31
-14073.5 -16829.9
15860.5 19982.5
-21825 -2448.18
1884.78 -21426.4
10706.8 14443
-18729.4 -10817.3
19215.3 8470.67
8124.42 -11257.3
-6644.26 4775.85
-16954 12015.1
4814.46 -12422.9
17489.8 -2174.16
5033.99 -19410.9
-10070.5 16510.3
17075.6 17415.5
2141.79 17180.8
6499.34 -15563.5
18005.2 -16574.5
-5634.04 4146.29
8333.96 -1824.56
-14069.8 2568.67
18852.2 17606.8
-7149.87 1252.37
1352.4 -20521
-7815.9 6370.19
-15721.8 12364.1
14624.6 3045.83
-11003.6 -4011.66
13284.2 20108
5449.04 -20253.3
-13334.4 -165.441
17575.7 18538.9
-4660.22 -14030.7
1037.91 -10201.9
-14818 12295.1
-10752.8 20995.4
12224.8 18818.2
20292.3 10536.9
15464.6 1874.51
-8523.93 21899.8
-5783.86 -16090.8
5241.35 -17614.3
-7108.8 3049.27
6881.17 -20656.3
8826.36 -11380
-4058.44 1016.86
1467.98 21472.1
14026 -1546.28
751.3 -21266.4
-21434.3 13058.1
-2594.37 6887.19
-5785.55 -18840.6
11156.6 5962.77
18971 6966.63
7235.34 -7929.96
-4898.37 19043.3
-19285.5 6494.19
1478.08 -15191.1
13555.4 4494.49
-6282.57 4978.36
-12051.5 12364.4
17726.2 22331
13744.3 -7693.54
-4053.53 -14749
-15589 21954.7
-21212.6 -7565.18
-9791.45 16360
12779.4 18652.6
5863.09 -8986.44
15028.7 21192.3
9610.17 -12225.4
-6255.44 -6193.39
-4509.99 9804.68
10240.7 -18765.3
2807.25 -12422.7
-955.798 -11893.4
16113.3 2157.3
-20396 -6848.27
7997.37 -16708.3
4349.16 18036.4
447.307 -8917.99
20676.7 3639.85
1585.91 9173.29
20608.9 21483
-122.399 -3608.64
20596.7 21207.1
21442.6 15653.6
-20132.1 9188.33
-12391.3 -16323.7
3429.03 10422.9
-21370.6 -1519.01
6293.95 12971
-14366.9 6971.06
-18689.7 15183.1
-8727.59 9412.29
-17701.8 11124.6
-1944.84 -13036
5788.65 2605.38
-2975.31 -15283.4
22343.2 -4633.79
-623.21 -8199.68
3880.3 21868.5
-7475.9 21324.3
-17168.9 -17506.5
4357.71 -17634.7
-19619.5 -4993.52
-16245.7 10475.3
15909.5 6637.58
19883.2 -6701.2
-19377.5 -12985.9
17871.5 -20779.7
-10735.7 15544.4
-14450 -2486.21
-4736.28 13815.1
4144.02 12681.6
-20676.5 -13629.9
22326.1 -1391.82
-21937.4 2149.42
-3125.17 -38.2505
7666.74 -2761.94
-3432.24 -20139.3
9825.31 3980.1
2724.99 12989
-20202.7 5523.55
-18833.3 11812.6
18961 -21546.4
2515.59 12100.7
-18282.1 5554.97
-3155.49 -3020.65
-36.9716 -19395
19012.1 19654.9
2329 -18625.5
-17280.4 11323.3
-10939.1 -18115.5
-17944.1 13878.9
-1510.41 17079.7
18916.4 -4903.66
19759.8 9452.39
19583.1 -6752.98
11970.3 8427.78
-17112.9 13413.4
-748.177 15277.7
15134.8 -17130
-12695.7 17516.8
16872.8 13245.5
21637.2 15335.3
19549.8 16110.1
-18023.2 -12409.9
8932.29 -17864.5
-20224.6 12043.5
11289.1 -14723.5
-16938.5 8005.87
-2133.73 17490.1
-16302.5 9729.46
14938.7 11716.9
3313.17 19801.2
5373.66 7853.44
22283.2 12291.1
6334.33 15482
-20579 -7341.19
-22235.5 6641.98
9718.62 -1516.78
18938.9 -18821.7
20788.2 449.455
11066.7 -19674.9
404.5 11449.1
-7844.76 2066.35
18381.2 -794.973
-15973.5 -21224.6
-10997.6 4433.43
14225.1 -8765.68
4472.32 -7430.79
-20641.9 5914.2
6995.37 11227.1
14488.7 -19540.8
11214.6 16921.8
-17704.9 -14888.8
-20295.7 -19900.8
2509.98 8932.2
-10131.2 16393.6
-4538.23 12242.6
-17797.9 8957.24
-12457.1 -3627.88
4381.96 15537.9
16871.2 17094.8
-13940.9 -21819.1
-14107.3 2430.68
12868.4 5915.36
1694.56 -8892.34
3427.76 -14415.7
-17602.4 -13847.4
5256.4 -3629.94
16708.2 20324.8
2441.07 19625.6
-5921.59 -21716.2
21417.8 -21248.9
-14032.1 16157.4
-8533.38 8475.69
13175.6 -19175.3
14194.3 -6586.42
-18054.8 -17597.8
902.765 4624.95
14394.2 -5489.08
-8822.99 -15153.4
-9859.44 -12017.5
13207.2 -4976.02
10848.5 7891.84
-18475.7 -1993.09
13607.2 15770.6
-2181.97 -4949.87
14721.1 1525.6
17432.8 -3238.5
-5606.4 11208.7
-4844.11 -21624.2
-5259.53 15731.9
11180.1 -17075.3
9096.5 -13181.9
-15267.5 15354.9
-8271.69 -1510.72
19038.5 -72.0236
3228.59 -17342.8
16066.4 8399.23
-16489.9 9917.75
13507.9 -6831.63
8216.42 4854.27
-18425.6 -3499.43
-20825.2 -7845.8
7757.51 -704.661
8749.03 334.201
-2433.35 -8305.17
4061.94 20067.5
10527.7 -13293.2
-9449.78 19300.5
8430.46 -5723.9
-5690.7 -9199.87
-7145.8 -16586
-14740.5 -13539.2
20927.5 -7652.01
-17188.7 -7206.06
8513.69 -2758.54
13765.6 -12723.7
11492 -10272.6
17627.7 -6433.15
-9680.06 -7654.72
-19875.2 -2456.87
3832.67 -13712
15392.6 -10001.5
-2867.31 -19005.5
15880.6 -7610.21
-18476.7 -579.049
7583.51 -234.349
-14596.5 -929.199
12838.9 6374.89
-7890.48 5622.31
-9240.18 16951.1
362.701 21379.5
10880.1 15613.7
10398.4 -13279.1
9695.82 -12161.9
-13605.2 -1829.18
-8361.26 16938.6
19442.7 8053.27
12834.1 -13186.2
-967.997 -5994.16
-5563.98 -4014.28
-6528.86 -9047.56
-1712.63 -14805.8
-1682.5 -13805.7
-17290.3 -5454.32
-12526.4 -16079.7
14993.9 11720.7
-14807.9 11311.7
18545.8 10286.9
17390.8 6801.03
-12317 9200.22
-16452.8 9753.8
-6007.9 -16703.6
-12916.1 -17163.7
14675.3 -3771.35
19730.3 -8705.36
5888.69 -12777
10708.8 8138.37
-11015.2 -5100.39
-329.653 15276
-8921.46 2555.15
-5356.94 10216.4
3386.9 17493.6
10235.7 -9721.5
673.51 5432.55
7295.31 16656.8
-12204.8 -18645.9
5715.04 11012.4
17227.8 5348.59
-3119.54 -1789.76
355.374 10731.7
8724.39 -9928.93
12690 1111.44
-12267.5 -5076.51
-7908.38 -15202.3
-4561.49 -14168.3
21644 -4698.44
-7229.6 -2161.21
1269.76 -5691.3
-12614.8 -12621.2
16730 -5412.75
643.865 -859.666
1111.02 6993.65
11999.6 -4849.78
692.166 19020.4
15702.9 6200.86
17807.6 -2731.05
8876.81 2778.18
16224.5 8427.34
3098.76 -4276.65
8015.95 -11398.5
-18015.3 -8904.38
8520.31 983.695
-19372.6 661.354
4913.78 -5345.2
3197.07 -19588.9
7319.45 9088.79
-599.164 10878.8
7400.65 8310.01
-22044.8 -638.897
-5134.06 2898.44
-15681.6 -10018.3
12099.3 7495.22
14741.6 10884.1
-22264.3 -1572.46
7851.59 8673.77
-12718.4 11106.4
19863.4 1657.05
15140.6 8132.28
-1114.37 11125.3
-10166.7 1745.28
9269.52 18067
13689.6 -8160.97
7608.87 5493.57
833.739 -16833.9
-11980.3 -5380.09
941.669 -2853.97
-18218.5 -10759.3
988.692 -4661.92
834.562 -9783.23
-3194.81 -15467.3
-7070.49 -15353.2
9124.94 9188.52
-2569.81 -4184.96
9687.59 14087.8
-5273.07 10314.2
9322.31 -14932
12645.2 6727.86
-10789.4 -9277.8
-4160.69 19806.4
7471.47 8807.31
-6470.71 13865.5
18939.1 5902.16
10800.8 -17634.6
-7566.22 -14508.2
-10788.3 6968.77
10937.7 -8446.01
-11546.2 -17849.7
2781.56 6650.1
10912.8 9964.94
-13444 -5632.85
9229.39 10809.2
-17287.8 -6742.29
-16555.1 -10369.1
-1308.03 -10922.6
11677.4 -5772.91
-1140.18 17672.7
13346.7 -10465.1
-16370.6 -8322
-19215.4 10062.7
5470.19 -151.992
-7262.74 -1228.75
10802.4 6180.39
-16126.6 5270.14
9486.24 -6483.36
-15919.9 1286.13
18965.2 -5418.61
-15251.9 4243.4
19576.9 1646.45
-7979.99 18222.4
4575.79 13446.1
11342.9 13911.7
954.117 -8059.28
7310.32 10620
-7368.34 6050.69
-21635.5 -630.084
-12811.6 10790.2
-7996.8 -16823.2
6163.96 -12717.5
3985.17 584.112
-11398.6 3620.75
-6935.24 -1795.57
8495.07 5431.32
2290.34 -14239.4
-3989.83 -3566.5
-211.038 -22332.6
-6289.14 -1898.2
2742.78 1850.88
-7054.19 -6869.68
-7278.56 13151.2
15596 -6132.15
-14700.4 -4610.84
-1100.23 -16031.9
-6916.31 3302.24
11042.5 -3317.4
10507.8 -19535.1
-10837.3 -15243.7
16451.7 -4366.83
8760.82 -9943.23
-17544.7 7826.52
-15771 14210.5
11822.7 -13640.9
-12054.2 2969.9
9119.12 -10002.1
555.111 1544.91
9942.55 562.967
-11478.3 3773.17
-17495.9 5404.36
-12583.9 -8264.98
-1082.52 -16127.1
16993.3 4478.32
-1744.89 -13308.4
-14706.5 882.934
4388.56 9750.5
10569.8 7561.91
16755.6 -14298.8
1999.09 22360.7
-10910.3 22360.7
4760.09 -22360.7
12973.1 22360.7
-22360.7 19708.6
13888.2 -22360.7
-22360.7 16349.4
-22360.7 -6104.89
20259.4 22360.7
-11586.1 22360.7
22360.7 21513.5
22360.7 15775.9
-15100.1 22360.7
-18512 22360.7
22360.7 17935.8
-7568.43 -22360.7
17222.4 22360.7
-22360.7 1054.27
-22360.7 13926
-4772.69 22360.7
9832.22 22360.7
22360.7 8435.78
22360.7 5138.63
17034.9 22360.7
-22360.7 -4773.03
22360.7 -11990.1
-18338.6 -22360.7
-3333.69 22360.7
-13949.8 22360.7
-22360.7 -9392.2
22360.7 -14413.1
-22360.7 3154.63
-22360.7 7096.9
-6413.51 -22360.7
22360.7 14625.9
-22360.7 3398.63
5053.2 -22360.7
6388.14 22360.7
-22360.7 12847.5
-1479.27 22360.7
-21523.8 -22360.7
-22360.7 18120.9
5015.36 22360.7
-7059.37 22360.7
-22360.7 12878.9
-22360.7 20769.1
7004 -22360.7
-22360.7 17236.6
14404.9 -22360.7
-22360.7 16515
22360.7 2989.82
-22360.7 -1732.08
-22360.7 -18171.8
22360.7 2895.36
-22360.7 -20429.5
10005.7 -22360.7
22360.7 -20196.6
-22360.7 11621.6
7740.72 -22360.7
22360.7 -880.649
8153.67 -22360.7
22360.7 -10115.9
-5608.05 -22360.7
-6352.28 22360.7
-19672.1 -22360.7
-22360.7 -6938.18
-22360.7 -10733.4
17816.1 -22360.7
-22360.7 16531.7
22360.7 -15093.6
-16126.5 22360.7
18472.6 22360.7
-11122.6 22360.7
-22360.7 -12232
16066.6 22360.7
-22360.7 7413.27
22360.7 -8765.76
-17026 -22360.7
-22360.7 -2248.06
22360.7 8633.95
22360.7 -5597.14
-21228.9 -22360.7
-22360.7 8461.86
-6358.88 22360.7
14075.4 22360.7
-20775.3 -22360.7
-20298.4 -22360.7
6880.8 22360.7
22360.7 21311.5
-13796.5 -22360.7
9115.31 -22360.7
-22255.3 -22360.7
13383.1 -22360.7
7533.02 -22360.7
-22240.3 22360.7
-22360.7 -21275.2
5909.86 22360.7
-22360.7 15336.8
-22360.7 -2521.81
-7848.17 -22360.7
3985.15 22360.7
8686.67 -22360.7
208.658 22360.7
1277.06 22360.7
3549.18 -22360.7
1499.57 -22360.7
-22360.7 15701.8
-18662.9 22360.7
-22360.7 -2515.6
-22360.7 -21202.2
13770.8 22360.7
-16264.7 22360.7
15894.8 22360.7
-22360.7 -710.468
11824.9 -22360.7
-13190.6 -22360.7
6787.52 -22360.7
-14888.4 -22360.7
22360.7 15836.1
16247.6 -22360.7
22360.7 -13599.9
22360.7 2783
-22360.7 21384.5
4275.62 -22360.7
-22360.7 7911.08
-22360.7 -14065
-22242.2 -22360.7
16524.1 22360.7
9827.15 22360.7
-14494.9 -22360.7
2768.18 22360.7
11822 22360.7
-5913.55 22360.7
14887.7 22360.7
-22360.7 20334
22360.7 20034.3
14312.7 -22360.7
22360.7 -11163.3
22360.7 2310.08
15476.6 22360.7
22360.7 20475.7
-4272.41 -22360.7
22360.7 -14228.9
-22360.7 -1267.58
8929.54 22360.7
3855.14 22360.7
22360.7 -14239.4
-17551.7 22360.7
18496.1 -22360.7
-22360.7 -16912.8
22360.7 -20734.4
-22360.7 20636.7
-22360.7 6055.5
22360.7 -15660.2
-22360.7 -96.0979
9075.35 -22360.7
6533.82 22360.7
-22360.7 -16078.4
-22360.7 -13089.5
22360.7 7300.79
22360.7 -7886.25
22360.7 -12153.5
-22360.7 -95.0518
-12404.8 22360.7
8217.94 -22360.7
22360.7 10008.4
-8919.46 22360.7
-22360.7 16450.6
2482.98 22360.7
17077.3 -22360.7
22360.7 16292.3
-429.685 -22360.7
-17447.8 22360.7
8584.38 -22360.7
-19717.3 22360.7
-14259.9 -22360.7
-22360.7 21838.4
11604.4 -22360.7
18471.2 22360.7
-17906.8 22360.7
-22360.7 17970
19939.9 22360.7
-17750.8 -22360.7
22360.7 2207.44
19026 22360.7
-18215.1 -22360.7
-22360.7 2279.88
-7216.67 22360.7
-22360.7 -10494.4
8158.91 -22360.7
-22360.7 -19804.9
-22360.7 2988.27
22360.7 12774
-22360.7 2963.19
15207.3 -22360.7
-22360.7 -2615.21
-16156.5 -22360.7
16044.1 22360.7
2085.15 22360.7
22360.7 -2626.69
-7254.4 -22360.7
11836.6 22360.7
22360.7 -13903.8
416.61 -22360.7
22360.7 11186
1321.86 22360.7
22360.7 12586.2
20779.9 22360.7
13246.5 -22360.7
-21275.8 22360.7
-22360.7 -11309.8
-22360.7 21616.7
-2599.78 -22360.7
16696.5 -22360.7
-8465.35 -22360.7
19442.9 22360.7
739.86 22360.7
22360.7 12243.8
-22360.7 -11364.9
-12898.1 22360.7
22360.7 19392.1
-20606.4 -22360.7
5636.86 -21638.5
-22350.9 -661.943
19854.6 -10285.6
19896.5 10204.5
-6045.21 -21528
-21675.5 5492.91
-17362 -14091.2
21012.4 -7647.09
18339.2 12793.5
16942.1 -14593.3
-6466.68 -21405.2
21021.4 7622.4
-13590 -17757
14066 -17382.4
17578.6 13820
1129.61 22332.1
20440.8 9065
-2267.74 22245.4
18633.3 12361.2
-18696.4 -12265.5
8104.43 20840.3
16431.1 15166.4
22269.8 2014.04
-16012.6 -15607.5
5072.57 -21777.7
19430.3 -11066.3
-22356.4 435.047
-4410.34 21921.4
22336 -1050.21
-15761.4 15861.2
8201.38 -20802.3
2855.78 -22177.6
21018.7 -7629.78
20034 -9931.62
19545.1 10862.2
-8995.25 20471.6
-18778.1 -12140.1
-11234.6 19333.5
22127 -3224.04
15501.3 -16115.5
-22281.1 1884.96
-4631.39 -21875.8
21227.8 -7027.2
-18586.9 12431
-11488.1 -19183.9
-16444.9 -15151.4
20751.7 8328.75
-10803.2 19577.8
-16422.9 -15175.2
-7644.51 21013.4
22180.4 2833.4
4599.39 -21882.5
20803.4 -8198.67
-15111.4 -16481.7
9008.32 20465.8
-5908.71 -21565.9
-19124.8 -11586.3
-5546.77 21661.8
4753.36 -21849.6
16173.7 -15440.6
20890.7 -7973.64
-15048.9 16538.8
-14553.2 16976.6
-22262.7 2090.8
-2919.37 22169.3
-20064.6 9869.79
-9430.48 -20274.8
-13933 17489.2
-21413.6 -6438.9
13300.5 17974.9
13701.6 17671
16476.3 15117.2
-70.82 -22360.6
5428.55 21691.7
19730.6 -10521.5
15345.6 16263.8
22346 -809.055
22199.9 2676.34
-10474.8 19755.5
11837.9 18970.1
-15601.7 16018.4
22133.1 3182.21
6835.46 21290.3
16224.9 -15386.8
-15797.3 15825.5
-17507.3 13910.3
2071.37 -22264.5
21460.3 -6281.31
-20610.3 -8672.78
-4759.61 21848.3
15929.5 -15692.4
-17811.3 13518.8
8342.97 -20746
-16657.7 -14917.1
-20145.5 -9703.52
-22025 3860.03
-22301.9 -1620.9
-22010.7 -3940.65
19169.2 -11512.7
-2951.63 -22165
-21997 -4016.53
-5480.43 21678.7
-12635.1 18448.7
-21364.4 6600.07
10354.3 19818.9
-21779.8 5063.47
20958.3 7794.33
-1981.48 -22272.7
1166.44 -22330.2
-20492.6 -8947.32
-16951.8 14582
4386.32 3964.26
-109.74 4019.17
-436.506 4644.06
4840.13 -3827.01
-2536.64 -4038.17
566.213 -4890.23
-2265.87 5473.75
5336.97 2302.47
766.718 -2033.17
-70.75 3862.3
1377.12 4858.59
718.245 -5493.27
4350 -1126.29
-2111.95 219.314
-3661.85 4989.72
-4514.76 -403.045
-5354.32 370.336
-1669.3 5106.45
842.464 1147.08
3667.11 -3515.89
-2181.69 -839.521
-2874.3 -2050.2
4688.6 2240.66
5386.23 -2673.49
-5260.25 -87.0471
-3588.7 1249.33
-50.8373 -5391.12
4778.01 -177.499
-3798.95 684.707
5067.59 -5376.87
-5217.81 4759.66
21.2267 838.655
-2015.38 3200.06
5017.53 -5285.62
2503.02 3733.61
-1969.76 1675.47
900.65 -2907.83
-2298.34 -4588.68
3930.01 -3670.51
233.664 -1434.08
-2362.09 470.562
2783.57 -633.219
4623.36 5312.77
1521.75 3067.17
3769.12 5232.33
-229.526 -3905.81
2148.65 -3544.94
1131.68 -3043.26
-5221.65 2351.83
3267.18 -3151.65
4047.84 -848.192
842.26 -1180.36
-407.037 -1609.6
-5059.51 4037.77
-1506.5 -824.464
-4092.52 -2140.66
-4983.15 -3549.49
-635.471 1028.96
5228.86 -3746.08
2951 4551.17
3726.78 889.89
-4598.98 3711.26
-4235.06 367.367
4144.84 -714.854
3040.9 2882.85
3413.74 -3645.05
1.08499 1269.57
405.062 -3766.59
-548.143 4681.1
-1234.81 -2718.43
-1629.17 1254.2
-4699.28 2650.11
-3131.9 -3029.02
1699.61 -575.111
-4163.05 -4280.77
-4830.4 -1639.1
-420.873 -2574.75
-1026.51 -3528.04
1415.75 1618.81
3334.12 1207.29
643.336 -4397.52
2638.08 3983.15
-1202.57 -1626.34
-750.887 564.709
-4061.79 3067.12
-2911.16 1191.16
3685.62 -992.802
4528.78 5441.22
-2521.74 2807.27
2943.02 -2830.28
-4755.8 2462.84
-743.693 215.793
-1957.63 5143.08
5388.48 3234.32
548.748 1829.51
5417.29 -3715.13
-3176.54 4836.09
742.49 2872.66
1535.35 -5328.18
-2186.3 1784.37
-3936.97 -5182.25
-3768.19 250.504
5032.24 -24.0864
-3294.42 1683.98
3462.08 -4606.74
-2659.43 -978.779
-3426.16 -4651.24
1510.82 -3417.5
-907.873 -2874.35
-4054.3 -3213.56
2783.36 -4114.98
2089.15 2893.99
-4220.88 3291.26
-801.679 -5513.81
2086.68 -4936.49
-4359.94 5213.93
596.434 -1228.53
1288.24 5551.94
-4612.09 551.557
-4746.8 -5391.71
1395.49 -3033.38
961.161 -4968.22
-3069.71 860.36
4630.93 -478.006
5271.65 5506.63
2584.81 -2234.15
-1376.05 2378.27
-2199.26 335.73
3279.59 1485.84
237.428 4231.38
2972.14 -5329.09
4487.39 4376.3
-2848.75 1501.11
-2066.21 203.673
-811.452 -2165.83
2826.9 3765.26
4802.88 -4978.7
-2995.39 -4372.09
893.297 460.346
4164.82 433.124
-51.6562 -402.744
-2522.77 2706.88
-786.305 -3208.71
-2247.69 -5562.32
3622.78 4278.48
397.047 -3539.22
-3308.59 1081.21
699.299 882.344
3272.41 5175.86
-2833.55 2349.16
1174.53 -3530.8
5052.19 4609.69
-3977.1 4985.76
1341.85 1223.6
3442.09 -3559.29
-3548.24 -4011.95
731.902 -1331.33
4870.76 -1045.98
1014.21 -1025.69
-4768.89 -5370.03
1971.36 -3383.55
-4711.29 -4871.02
-3639.81 5447.62
1296.57 -1318.54
-2582.73 -174.886
3226.12 5421.15
4203.41 4871.43
-1237.36 -5221.37
3330.26 -2791.44
-3270.25 1400.39
2620.93 -4114.52
1280.61 2406.87
3578.41 127.542
4744.18 4949.45
3984.89 -3717.36
-2574.64 -2471.39
3493.63 -2367.92
1181.32 2024.41
-1739.21 -2518.15
1058.04 626.673
564.818 -241.895
-273.918 2466.67
-1986.97 4065.92
-5573.18 2590.28
-5326.32 -4289.43
-1561.35 -1935.93
2814.95 -3401.32
4233.37 -3420.31
2056.02 -2996.56
2812.94 -3859.58
-590.694 -1349.71
-5318.61 4976.9
1981.57 -1387.85
-1634.43 -2325.41
4880.09 -3612.62
-213.328 1764.38
994.31 4385.32
4307.53 -490.075
1049.87 -4641.06
-1645.44 -1368.04
-3887.45 -3476.67
-265.108 2266.46
3046.07 2948.56
3189.3 2052.66
-2080.33 895.357
4148.21 1605.16
41.0134 -3596.64
1777.84 3872.89
-5283.56 2856.86
3135.88 -3026.23
2221.63 2700.54
2367.22 -3880.99
-3848.1 835.123
-3838.43 1182.88
2067.37 -1734.74
2633.3 -4463.95
4508.99 1892.27
4054.65 -897.968
-1760.12 -1044.34
-3125.33 1238.33
-2595.31 -2294.84
-3377.71 -3143.95
-643.281 -517.925
1441.57 -246.498
36.1459 -3132.9
1825.28 -286.212
-49.7285 412.64
-2918.23 644.251
-363.684 -2771.7
-46.0481 -4182.92
1547.32 4179.86
2052.53 -1856.58
3626.72 1120.98
399.387 4568.8
-2441.22 4600.75
2228.24 2831.01
1748.16 -3262.29
-1985.14 2900.37
-419.323 -232.915
773.345 -5103.05
98.5561 836.744
1663.46 1719.5
3858.94 -2962.27
-2175.68 3529.32
1097.8 -2400.67
965.827 5023.5
1696.78 1352.43
3133.31 -4375.32
-5044.49 946.22
-1806.05 3147.87
3795.42 3096.53
2278.06 -1925.46
1024.53 2062.68
-3570.66 1165.66
621.755 -4674.74
-1316.72 2689.15
-3900.97 -2736.93
159.173 -5290.85
3083.41 -760.698
-1031.94 2553.16
1948.97 -3970.37
2556.8 -4692.8
-2484.44 2615.24
350.913 -2863.82
2060.48 2707.53
-1824.07 4142.71
-4777.61 -2325.53
-2163.68 -955.539
1214.23 21.8295
4763.57 2547.44
557.49 -439.292
-3325.4 -441.63
-4317.74 2071.92
237.292 -264.139
12.1888 182.336
-1485.52 -4162.01
-4086.08 -1364
-1777.76 -2086.61
1344.03 -538.553
-3968.79 -1748.73
-2883.41 -3104.57
591.263 -122.755
3576.51 2283.43
-588.349 356.5
3359.35 3894.87
-4242.42 1424.93
-4311.01 -3350.93
-2487.37 -4114.6
850.493 1715.24
-4865.85 -2354.52
-2904.32 3019.68
3884.7 -466.437
-3093.45 3671.43
-2100.33 2849.72
-5049.09 -282.705
-2884.43 -2841.87
880.086 -1364.7
3704.35 -3931.2
-980.899 -2256.99
4760.33 -1651.19
528.449 -1059.66
3764.44 178.807
2145.28 -2189.01
4508.58 -960.07
-2499.23 3328.39
2097.93 -4216.55
-576.197 -2471.01
-1474.94 -870.881
-1228.33 -58.8622
-2447.52 221.95
1672.19 -2293.87
-2862.74 1808.87
-3381.09 570.544
3263.93 4365.48
-12.9137 2319.58
2188.78 1883.77
1853.06 1626.58
4192.79 -2963.87
-5194.76 -257.847
2113.77 -1488.63
543.353 -1766.53
783.912 -4618.3
-3714.13 -1689.53
3901.39 599.453
1679.65 4928.11
546.329 -4583.08
2628.64 4123.34
1610.97 2100.96
21.3273 -4718.85
1163.53 508.913
-1526.34 698.619
4262.32 3555.23
990.705 4267.67
3965.51 -1665.8
2194.17 -593.072
982.256 -1770.05
-3681.44 -826.334
-303.419 4834.57
-209.605 447.527
5047.95 476.627
2245.73 -2855.25
-904.045 4668.78
1242.18 -584.084
636.093 98.6107
4915.31 118.137
4529.22 -84.7316
-2890.8 -3216.99
-4039.26 3354.96
-1040.87 5187.48
-2755.81 -372.12
4046.69 -3743.76
-2504 1116.93
-313.314 -1077.13
1218.38 -1481.37
3584.52 -904.857
5314.6 -125.18
3048.68 2032.75
1847.89 -3347.79
2850.83 -4405.71
-1410.06 131.147
-3351.1 -1937.99
-56.2049 4636.2
-1640.69 -3940.77
-1245.78 2371.85
1561.66 4506.48
3912.7 3085.53
2756.2 -330.656
-3425.26 1155.49
4090.76 2197.99
3677.58 3359.42
-5423.41 -360.75
-4562.4 -2544.23
2157.14 -1903.3
2836.64 1460.58
1434.47 2648.35
4722.07 1054.63
-3139.8 -2432.94
-321.212 2699.28
-903.454 -1309.23
4641.2 2420.59
636.736 -4042.74
-980.628 -765.955
-4085.83 -3567.68
1500.54 5208.26
-1222.27 -1857.8
-2522.49 3751.38
2711.59 -4742.02
-1855.49 847.41
-2372.87 727.258
3814.53 -3747.33
314.124 1824.48
3247.42 3100.39
5476.98 857.679
-1537.5 -2806.24
-580.944 3712.4
1612.17 1112.16
3456.39 -1324.24
-1065.47 2748.74
-1212.1 -2138.06
-4210.85 1021.91
1138.92 -1495.8
-5298.51 -1352.96
-2538.2 3818.89
2600.66 1091.36
-1542.95 1901.52
-2943.44 2494.8
-936.913 5469.78
-4482.34 -1668.97
-5067.86 -1614.99
-1250.53 -2703.56
-2813.55 -1235.2
2841.73 -3928.25
-524.609 575.486
807.42 -4010.95
956.559 3339.36
1847.07 481.115
11.2887 -1459.3
4278.73 -1855.26
3162.46 2847.84
2670.96 1237.72
-1568.81 4678.35
-2253.41 1772.75
-3981.14 -1518.04
1988.53 -84.2468
3312.15 -3325.49
-2037.98 1280.37
4261.44 1607.5
1890.16 4388.89
3397.75 1233.02
-54.3046 2683.15
-3211.47 2890.91
295.292 -3117.46
4624.15 -1469.58
-1931.53 -2341.17
2694.91 -2429.99
-874.497 5301.08
2789.05 2734.53
-2499.23 2513.07
-592.226 -3478.51
4884.89 -1652.51
287.633 -4100.42
-5383.87 58.1326
2373.97 4828.85
1051.73 -880.753
-2052.48 1760.79
3573.21 -141.595
3544.9 4031.06
1326.51 4132.26
-3656.02 85.8004
1849.88 -1155.21
-2258.91 1175.85
-1164.39 2359.05
-3274.05 -434.936
1937.96 -4361.04
-3279.68 3474.51
1497.71 -1409.69
-4500.97 1916.87
-2493.74 -2365.46
-158.559 852.563
2609.85 -1548.32
3367.23 3474.85
1249.05 2594.86
1621.12 1685.45
-967.357 -2540
-3267.53 3025.83
-4034.82 -648.532
2924.29 -3697.43
541.331 928.09
5347.7 -1184.54
-94.3687 1718.52
2509.64 1092.5
1951.55 -4460.11
821.209 -1473.95
-1327.78 1503.17
1376.56 -3132.2
636.554 -2518.34
4098.33 -3661.26
-166.742 -3397.63
-3831.32 326.81
1459.29 4957.03
3350.37 4092.22
463.777 -3100.84
-2381.84 4974.98
760.68 43.1587
-2075.28 3888.72
-3978.93 -2093.46
-3484.34 2952.28
5273.36 978.155
3149.34 4404.3
3208.64 -759.188
852.61 1267
-791.306 -2161.67
-5425.03 -833.503
-386.046 -1951.55
558.482 -2412.86
-4903.87 1156.93
5086.49 772.591
-1263.5 -537.704
-2949.76 -1042.97
1994.87 3177.49
-236.675 -1058.36
4251.58 210.234
-2313.59 3.4574
-262.902 2169.92
-632.101 3841.12
-2050.93 1714.11
-4940.31 -1438.93
-744.218 -4121.21
1373.84 454.655
-4870.57 -2409.39
2115.54 -4620.95
3957.68 -3033.49
61.182 3174.41
3523.26 4226.82
2096.07 -2484.06
-1636.57 3666.41
1589.2 65.4895
-4363.07 2809.25
-686.627 -4927.82
4735.81 1182.42
-5302.18 295.816
-1814.3 3665.04
-609.25 -2693.03
225.384 -587.829
-2946.39 1334.05
4453.93 479.349
-1644.44 -1584.55
1853.69 -1850.32
2507.15 -4565.48
1812.93 -1182.35
3780.87 -363.993
430.201 -3814.09
-1578.84 -1225.95
-220.136 3664.8
-1938.17 -3661.96
-2790.59 1388.11
2799.23 995.103
-4767.19 788.456
-2969.35 -3153.63
2552.48 -3832.14
4044.16 -3266.75
1722.39 -3828.15
-861.999 3601.08
363.635 -5329.29
-2521.95 -248.426
3696.96 -3153
-2335.21 2792.12
2625.76 565.219
2903.5 -2420.27
2722.9 -2028.86
-2201.54 3991.88
4417.86 -393.272
4076.18 2654.01
349.421 -3047.48
2101.72 -1811.08
-2523.12 758.616
2062.43 2944.98
4562.55 2861.07
4795.55 834.505
144.2 4289.6
-250.017 2035.06
-300.398 3774.08
-555.404 3088.5
-4587.24 2409.83
1856.06 -1823.59
-4105.1 39.4279
-244.289 -3604.56
2555.63 4542.18
-1452.12 2751.1
2989.31 -2122.45
-51.7908 3828.26
5300.3 -1305.96
3226.06 3952.27
-4632.65 -2534
3887.6 488.723
-4330.03 149.742
2221.79 -2617.21
-4643.55 -1667.72
-3886.71 1939.07
3835.62 449.784
-3190.03 -2011.24
-549.049 2484.82
-1225.18 -1542.52
561.327 -1532.14
3073.91 3850.58
47.1574 -1772.87
2743.35 -3914.71
4370.89 660.697
-3109.57 -4006.37
-4756.85 1927.24
-5519.13 -646.898
-3124.24 -2271.72
5077.43 1087.97
4057.33 -2675.14
-2432.23 3871.36
-1306.44 -816.572
-3153.47 -3550.45
-1975.01 209.621
-2212.13 -4309.56
3212.45 4058.62
-4051.87 725.805
2058.75 3587.09
-4434.86 629.825
-3257.07 1256.71
-3603.62 1651.87
3538.48 -480.462
-250.438 -2463
2040.72 -4407.15
-323.363 -5454.51
3801.8 -459.231
298.781 3227.04
4289.51 -2181.19
-4746.58 554.492
-4309.94 -398.223
-4226.27 -1603.53
3312.7 -1716.07
3587.55 550.295
-4583.04 -2700.3
-1881.98 -1474.29
-2175.78 -2882.74
-1303.63 2744.43
4090.35 -2209.98
4488.19 -473.071
3033.17 2997.98
1936.46 -194.898
5206.78 -1141.53
-5.99498 -5353.08
3942.22 3013.26
4143.92 -1185.54
576.693 -303.967
2671.22 -4740.5
5475.81 790.02
-1513.37 2275.61
3455.94 1351.02
-4550.66 859.94
-3122.84 3353.22
-976.847 -4329.75
-1782.19 -2015.72
-2538.83 -2131.08
-4174.85 -1378.6
-762.399 -4032.38
1330.8 4453.67
2593.55 1088.17
1389.48 2764.52
-1765.6 791.536
-3168.78 -858.45
-233.798 -152.305
1606.61 1794.57
1456.67 4058.98
3853.35 3542.25
848.299 -1205.82
3251.02 -602.881
4677.03 2868.52
1484.72 -1847.8
108.726 223.612
2681.84 -3890.73
-1311.08 1727.22
1745.02 -864.12
2544.05 -1330.48
834.16 -4307.62
167.261 4585.63
-1712.67 1181.82
56.453 -4230.51
2140.46 72.109
773 -3096.9
3166.45 -83.552
5590.17 -4938.22
5590.17 3775.19
5590.17 -2401.02
5590.17 3953.11
4584.88 5590.17
5590.17 2390.73
-5590.17 -664.894
1618.78 5590.17
3566.13 -5590.17
1987.2 5590.17
1021.09 -5590.17
5590.17 1909.55
5590.17 77.5918
-2917.3 5590.17
-5590.17 1276.88
-5590.17 -855.109
-840.685 -5590.17
-2810.69 -5590.17
5460.99 5590.17
2709.69 -5590.17
289.682 -5590.17
5590.17 -3981.77
-479.26 -5590.17
5590.17 237.011
3812.36 5590.17
-2215.14 5590.17
-3311.47 -5590.17
-5590.17 4607.88
-5590.17 -1191.39
-1973.04 5590.17
1303.86 -5590.17
-5590.17 4552.25
-3904.11 5590.17
-4494.64 -5590.17
5275.65 -5590.17
3295.05 -5590.17
1956.59 -5590.17
-5590.17 849.601
5590.17 1096.24
1117.8 5590.17
-5590.17 -337.402
4459.12 5590.17
-5590.17 2467.11
-5590.17 -1814.97
-4724.26 -5590.17
3135.85 -5590.17
5590.17 2705.33
1797.7 5590.17
1743.71 5590.17
-5590.17 -5252.5
2730.72 -5590.17
-5409.41 5590.17
558.989 -5590.17
5590.17 -1649.9
-3922.78 5590.17
-5590.17 -2592.47
-2438.16 5590.17
4476.8 -5590.17
-996.418 5590.17
-5590.17 -2352.72
-5157.26 5590.17
1524.29 5590.17
-4237.56 -5590.17
-5590.17 -899.245
-2567.04 5590.17
5590.17 3561.97
3058.6 5590.17
4892.01 -5590.17
-3667.49 -5590.17
5590.17 1876.5
692.822 -5590.17
1193.82 5590.17
4223.49 -5590.17
5590.17 423.108
4365.76 -5590.17
80.2006 -5590.17
-5569.41 -5590.17
-4127.72 -5590.17
3288.1 5590.17
-2954.24 5590.17
5590.17 -4225.02
-3846.46 5590.17
-3024.05 5590.17
5590.17 -1789.82
5590.17 4467.57
-5590.17 -1623.34
-5590.17 -1533.77
1290.82 5590.17
-2386.73 -5590.17
-1811.27 -5590.17
5590.17 2487.8
5590.17 129.687
-5590.17 3355.06
-5590.17 3832.57
-5590.17 1872.27
-5590.17 -5443.53
-5590.17 3229.61
-5590.17 3155.77
-5590.17 -1664.8
66.6018 5590.17
-3198.36 5590.17
-4601.16 -5590.17
5590.17 1433.98
850.905 -5590.17
-65.2481 5590.17
5590.17 -745.444
5590.17 978.217
627.025 -5590.17
3046.48 5590.17
-1821.53 -5590.17
-4406.85 -5590.17
4916.62 -2660.24
1346.21 5425.65
-3672.3 4214.76
5430.49 1326.57
3425.33 4417.82
4871.84 2741.38
3667.15 4219.25
3719.51 -4173.16
4427.36 3412.99
-5464.48 -1178.77
-963.825 5506.45
-4580.48 -3204.55
-4834.47 2806.76
-5584.01 262.277
348.625 5579.29
-5040 -2418.35
466.081 -5570.71
-5211.4 -2022.69
853.017 -5524.7
-1319.76 -5432.15
4529.38 -3276.39
4462.5 -3366.92
5524.31 -855.559
-4541.47 -3259.61
3589.63 4285.39
2675.87 4908.13
1641.79 -5343.64
-2121.46 5171.98
5470.09 -1152.43
2336.17 5078.62
3052.93 -4682.91
97.3811 -5589.32
-3487.37 -4369.01
2374.74 -5060.69
5341.93 1647.34
5561.37 -566.668
3490.79 -4366.28
1916.42 5251.41
741.745 -5540.74
4954.81 2588.4
1299.93 -5436.93
-4531.38 3273.62
-5247.29 -1927.69
3975.48 -3930.08
-4343.62 3518.94
-460.91 5571.14
-4272.64 3604.79
3444.19 -4403.13
-4928.31 2638.52
-1043.62 -5491.89
-3875.1 4029.09
4125.4 3772.41
4914.52 -2664.12
5032.93 -2433.02
1895.7 -5258.93
-4127.72 3769.87
-5207.49 -2032.75
5587.02 -187.671
-4901.93 -2687.2
2584.92 4956.63
3629.62 -4251.57
-577.346 -5560.28
-5365.53 1568.78
5100.35 2288.32
-4303.87 -3567.45
-5535.97 -776.558
4742.97 2958.76
3046.66 -4686.99
-5337.38 -1662.05
4718.52 2997.59
4445.57 3389.23
-3365.26 4463.74
371.888 5577.79
-4840.22 -2796.84
4384.66 -3467.67
-2746.33 4869.05
1361.63 -5421.8
4954.62 2588.77
-2171.91 5151
-2633.15 -4931.18
-184.859 5587.11
-3076.77 -4667.28
1687.89 -5329.26
5316.67 -1727.14
-5563.15 -549.011
-5480.95 -1099.65
-2287.55 5100.7
-4250.87 3630.44
4668.12 -3075.49
290.522 5582.62
4883.19 -2721.12
-5412.35 1398.76
4886.35 2715.44
5300.73 -1775.46
-5542.48 728.628
35.3456 5590.06
-1003.39 -5499.38
4996.19 -2507.61
-4136.36 -3760.39
4557.46 3237.22
-3034.34 4694.97
-5589.21 103.703
-245.711 5584.77
-4604.59 3169.82
-5478.45 -1112.02
3887.72 -4016.92
5101.01 -2286.86
-5026.65 -2445.98
-4914.85 2663.51
5337.03 -1663.18
3287.16 -4521.57
-4832.53 2810.09
-2171.08 -5151.35
-5440.68 -1284.13
5408.67 -1412.89
4766.64 2920.47
3531.9 4333.09
-5231.97 1968.89
-5458.04 -1208.2
5240.58 1945.85
-5578.23 365.116
-1038.41 5492.88
4812.35 2844.52
-4032.93 -3871.11
-5476.11 1123.5
-1464.18 -5395.02
5565.39 525.728
3608.15 -4269.81
2731.3 -4877.5
-5589.72 -70.6199
-5550.15 667.696
2075.48 5190.61
5419.9 -1369.21
5523.25 -862.407
5580.68 -325.52
-4938.29 -2619.78
-4466 -3362.27
4909.93 2672.57
-562.945 -5561.75
2340.56 -5076.59
3651.18 4233.07
-2295.5 -5097.12
-5401.42 -1440.37
-3286.93 -4521.73
5178.97 -2104.36
3019.26 4704.68
5205.59 2037.59
-2215.81 5132.27
3645.96 -4237.57
5585.77 -221.759
3500.88 -4358.19
3499.42 -4359.37
-5359.34 -1589.79
2936.76 -4756.62
4470.99 3355.63
-2999.18 -4717.51
-4036.66 3867.22
-5529.69 820.108
-2082.2 5187.92
5406.82 1419.96
-4104.34 3795.31
3020.52 -4703.87
5158.77 -2153.38
5000.05 2499.91
-2106.85 5177.95
-3656.86 4228.16
3202.8 -4581.71
-3938 -3967.63
-1088.52 -5483.17
4744.15 2956.86
-5586.37 -206.083
-3152.55 4616.43
4292.71 3580.87
-5486.34 -1072.4
1153.44 5469.88
-2052.38 5199.78
1161.37 5468.2
5400.94 -1442.16
-4735.76 2970.29
5490.61 1050.31
-3870.97 -4033.06
-1434.71 -5402.93
-4478.46 -3345.66
3099 -4652.55
5089.02 -2313.41
4207.04 3681.14
-3031.94 -4696.53
-5582.04 -301.393
1224.34 5454.45
-5417.49 1378.71
1605.32 -5354.71
-1983.49 5226.45
-3659.37 4225.99
5534.36 787.942
-1910.8 -5253.46
-1722.75 -5318.09
-5082.89 -2326.84
3269.02 4534.7
1468.52 5393.84
-2420.43 -5039
-5587.81 -162.468
-3387.99 -4446.52
2163.38 -5154.59
-5118.94 2246.44
253.733 -5584.41
-5494.77 1028.34
-4447.3 -3386.97
-47.9573 -5589.96
-4870.15 -2744.38
-3753.3 4142.79
2799.01 -4838.96
4585.49 3197.39
-1421.3 5406.47
4946.21 2604.8
-1759.11 -5306.18
-2795.93 -4840.74
-4084.54 -3816.61
3838.91 -4063.59
-612.013 -5556.57
2038.77 5205.13
3133.51 -4629.37
-5169.21 -2128.21
