10.9818 -9.29828
-3.88207 -11.9047
-7.88308 0.89692
-12.2264 -4.09603
2.58696 -0.639821
11.1296 -2.42494
-1.27569 0.0251441
11.3431 -10.7498
7.2057 11.9463
-11.31 -9.78449
9.93166 -8.86166
8.97212 -1.81411
-2.5562 -7.24402
10.1479 -8.53648
-7.53744 -0.394547
10.3264 7.6723
7.83206 -2.00868
3.91143 10.7444
9.82832 3.87834
6.44648 -0.0226389
-5.71436 2.32917
2.8476 -11.0043
2.76654 -7.40538
-7.83538 1.06368
11.3134 3.15551
5.68832 0.38272
-2.47603 -8.59396
-11.7739 -4.72049
1.46368 1.63008
-1.73625 6.80521
3.52289 2.9473
-4.22587 9.51288
7.82539 3.12977
-7.15095 6.60218
8.36183 9.6349
-3.47496 -10.7172
3.14359 5.03401
-5.96712 -0.0592417
3.41834 -10.2089
7.78848 11.3364
3.25281 -2.73795
-2.70553 -12.2643
2.5457 -7.07485
7.46529 0.19566
-1.91562 -9.55079
-3.08966 3.58774
-0.515189 9.87185
10.2963 -10.2424
-9.53863 8.15818
-2.09719 -0.848649
-3.35091 7.88728
2.92775 -4.51437
6.25922 8.06152
-7.51048 -12.4526
3.88219 4.73184
6.80944 -12.0457
4.28052 7.60253
-0.10377 -3.07948
0.63737 4.23292
9.5488 9.50712
-4.63066 7.24459
4.45511 -2.99105
3.7819 8.81249
12.1057 2.57154
2.87335 4.0525
10.6263 10.6406
10.8912 11.9895
6.13301 -4.26294
10.5514 -4.98537
-10.0476 9.40037
-4.53528 5.92271
-2.15854 -2.95147
-0.580702 8.21078
-1.01507 -6.67788
-9.03058 -9.35452
7.00117 -1.9082
-3.17065 -4.34147
-1.09555 -6.64814
-10.004 -7.23541
-7.92268 -2.64369
-0.714561 -0.570931
6.89877 -12.4996
3.10005 -7.95852
10.0432 7.04791
10.1118 12.4143
6.35976 12.0583
-5.90828 -10.5425
12.1131 -11.0054
4.11216 -3.0526
-12.3873 2.98218
9.63709 5.07534
4.49527 -2.46078
-6.21527 -1.66734
8.2016 -5.42469
1.03836 -6.74763
-8.72487 -9.65507
0.488941 -3.77713
1.7206 7.88742
-5.02807 6.53608
-10.2884 1.85313
4.20193 -0.301045
1.80178 4.83368
7.78027 2.87728
-8.44879 8.72809
7.14614 11.8517
8.15028 -9.10426
-10.3626 -1.36614
12.4486 1.99848
-0.377905 -8.3562
4.45051 -5.59155
5.53756 -2.79413
0.217652 -8.23672
10.8384 -0.161512
-6.44123 8.8586
9.59281 -4.95776
11.4332 7.26798
-11.6052 6.82187
-6.35547 6.32659
-2.43222 8.19001
-10.1472 -7.12318
2.34558 -11.7834
-10.1539 -9.81325
4.92817 -1.48094
-10.767 -11.0324
-11.5544 -10.7125
9.56538 3.44917
3.93481 9.24807
2.3814 1.05792
5.26705 1.27361
10.7437 -4.3267
-6.524 -5.57752
-12.3015 0.535567
6.36076 11.9459
-8.66993 1.21294
-5.60182 -3.44978
-0.954828 -8.79068
-3.46511 -6.11419
-5.3147 -5.33743
11.069 -9.31158
-0.502463 -7.47587
0.622872 2.20912
-0.154017 -9.23355
-3.21399 -3.10781
-0.557274 7.6903
-1.17798 -6.2847
-2.58349 -4.27513
-8.56843 -8.91403
4.51013 -11.8342
-0.201965 1.73583
11.3521 -5.21398
9.46506 -7.90112
-10.9653 -0.100183
6.27093 5.27411
9.0506 2.24732
-5.05576 -5.18299
1.1046 -8.50241
2.72509 -7.61711
-3.02116 4.50653
2.77094 6.14917
5.75797 9.9974
11.2188 11.1088
1.52751 -5.39902
11.768 -3.22336
8.56351 6.26567
-5.99198 1.74899
9.90769 2.75228
0.511903 7.46347
-2.35665 -5.89052
5.84481 11.6099
-6.31703 -3.20578
-3.93165 -5.95939
-1.82049 0.0827182
-10.6379 7.93817
7.9641 9.00311
-11.0905 10.0453
-0.418111 -10.3813
-11.0846 1.1993
2.38485 -8.22715
-5.67418 10.3964
-8.20957 4.56117
6.61482 -5.57735
-4.27581 -11.2191
6.58929 -11.5819
8.63372 -2.61579
-10.9467 9.90066
4.44368 5.77672
11.9727 6.9841
-2.22683 -1.60538
-10.5882 12.1337
1.46824 0.891373
0.484964 2.54977
-6.47568 3.98982
-2.79392 -4.4543
-9.74552 -11.5866
-6.15696 3.36366
10.7659 1.61029
-8.07061 12.1597
10.5627 12.3071
-11.2308 10.204
5.22255 0.368795
7.23986 3.12084
-3.62309 -3.64136
0.174922 -10.4251
7.63817 -9.53494
-10.8562 -6.32046
8.10254 -8.27409
3.17423 0.413017
11.7452 9.40199
-5.16558 -10.9921
10.5106 -5.15574
-8.84695 -8.99319
3.47833 -1.29229
8.45829 -6.98831
-10.1033 -0.909882
-10.6838 -11.9901
11.5822 -8.6626
-3.89512 -10.8773
-1.42678 -2.65685
-10.77 4.14186
-12.382 2.18025
9.73835 -4.0938
7.12733 -5.39738
-0.114854 -9.5856
11.3877 2.1287
3.62615 -8.79409
9.83719 -4.88816
-5.28584 2.49304
-9.03706 -10.0193
-2.94314 11.4598
-8.73326 -2.97631
-3.18413 -10.8876
9.83065 11.0406
3.78585 2.76943
-2.66627 9.50072
11.3634 -6.70133
-7.85021 6.66007
1.69881 2.28211
12.082 2.28445
9.80086 9.5206
10.7501 -9.88188
10.6413 12.4525
-3.02032 6.19204
-5.0286 11.7922
1.29856 6.1765
7.22702 -3.20705
2.81106 4.70194
4.76027 9.17763
-4.99044 -5.63144
7.70683 -1.20855
-9.86489 -8.22412
-5.81345 -3.88677
-8.61999 -10.4214
-6.34042 -9.22181
-7.15902 -5.66896
-2.86881 -4.54597
11.6951 7.75223
-9.6538 -3.34259
5.54831 -5.67585
9.05026 -7.82409
3.46763 4.64123
9.05955 1.58439
-5.52852 10.2382
1.09005 0.22118
5.55086 11.3311
7.69746 -12.1353
-2.1046 10.873
-1.00606 -5.93841
8.39377 -8.07388
8.088 -5.41962
-3.405 10.7324
12.071 -4.82868
3.79827 11.1723
9.30441 -11.2946
-3.62848 10.9735
3.28244 6.75166
-11.4206 -7.01007
3.32091 7.76499
-0.624407 2.83809
1.19407 -12.27
-8.26862 -5.14626
7.88157 -11.5877
-1.95946 -8.27912
-6.85761 -0.732728
10.0572 -7.28744
6.38092 6.64966
5.25882 4.54613
6.46572 -6.24795
-12.2655 -8.32925
0.887922 -1.19407
11.9005 10.9229
6.06371 -2.46773
10.9568 -1.03175
-7.81543 7.79495
-12.1055 -5.37351
11.8658 -10.5568
9.61596 -7.10997
-0.164687 6.62804
-9.12831 6.31631
-5.98749 -2.47429
-11.0269 -5.88776
0.855858 -9.37016
-8.1958 11.0393
11.6837 1.19762
5.40242 -5.35058
-2.4926 1.31623
-4.83561 -10.0067
-1.45623 10.5404
1.58584 -0.994541
-1.89306 -1.56727
-3.12378 -9.77169
-11.2832 -1.7061
2.98871 7.35089
9.51475 7.2235
11.7334 -11.5535
-2.94803 8.61388
-0.949772 -3.44986
-3.86334 10.603
-11.9811 -4.16693
-8.80431 9.64024
-10.7126 6.64431
7.86206 5.5366
10.7763 4.89334
-4.35194 -5.5518
-8.57086 -7.04118
-6.65223 -0.398118
1.55536 -8.39667
-0.452701 -7.98956
10.7726 7.34985
-4.54692 12.397
1.48247 11.7904
0.400936 1.385
7.18508 1.22947
-2.56637 -7.80768
1.19134 -5.4474
5.36162 8.4621
-6.43712 -2.08341
1.70918 10.9786
5.49007 -12.3029
4.93177 10.2522
7.10222 -12.4506
2.63507 10.8553
-7.36214 0.634772
6.17355 6.87835
12.4373 4.26486
10.7273 -8.47439
-2.24233 -6.10085
-11.4005 1.14852
-1.44208 2.60074
-1.78169 2.51322
-7.77878 6.47961
0.923867 -5.17529
-5.57017 8.1102
-10.347 9.60557
-4.19206 -7.548
0.765706 -10.5169
1.41315 0.989503
-8.52536 -7.06246
-3.93791 6.97189
2.21262 -11.8378
-1.10448 1.11646
-8.80549 4.07975
9.55018 -11.4452
-12.1229 1.8351
-1.95861 8.27214
9.79268 11.4713
2.65571 4.70966
-12.292 -7.89159
-2.80548 12.4757
10.4533 -2.45351
-4.8612 11.4143
1.3543 3.4513
6.26562 1.30088
2.60401 11.9441
-2.06453 -1.37354
-5.67608 4.68767
6.38703 3.76247
7.49758 8.26039
-12.4252 4.00892
5.52419 -4.55306
-4.77728 -1.13858
-4.74707 -3.09133
-6.84846 0.312992
-9.96975 -11.238
-12.4154 6.16053
-11.6466 8.78159
-6.99264 -1.58558
11.0856 6.02687
-4.57485 -9.1748
3.09107 8.57903
12.1469 7.8231
-10.5922 -9.91627
0.851805 6.40894
-6.65947 -2.14102
2.94213 9.59915
-9.15464 6.29307
10.5391 -9.71087
-4.6522 6.09738
5.86285 -2.00061
10.3125 10.0623
-10.1966 -5.93411
-2.07237 8.30131
-1.1859 11.851
-9.28663 12.4551
-5.35132 -0.574741
4.57705 5.01008
3.15522 4.6036
0.26128 -1.81492
0.290775 -11.0624
-12.4667 4.83999
-3.36886 -6.75469
5.19534 -7.49006
-9.97374 11.0132
8.73139 11.081
-11.7452 5.78688
-7.59647 10.2847
-6.17725 -1.23029
-1.05141 7.23762
-12.3541 -10.1865
-7.12898 1.70725
1.67736 -1.1221
-5.83581 11.8211
1.45275 0.685087
7.19072 10.0946
-2.38483 -11.4504
2.30628 5.14608
12.263 7.3241
-11.4037 2.3671
-8.81925 6.70518
-10.8894 -4.63657
-9.15687 11.1744
-2.89189 -2.21733
-10.5864 -0.983745
3.7737 12.4681
10.6377 -5.16597
0.417838 4.86605
3.59267 0.958273
-11.5521 -2.43762
-0.794406 1.0721
-11.9185 5.40617
-3.51593 8.22604
5.39387 -9.77398
-0.324824 -9.57719
10.4376 -2.14195
-2.56516 9.86742
-3.21323 9.4457
1.35903 11.3182
2.42252 5.47817
-5.58442 11.272
-10.2487 -1.80757
7.38448 -9.23217
5.11708 -7.9531
4.03582 1.71548
-1.80677 8.39886
-11.431 -9.0774
4.42505 10.0873
-2.36979 -0.495818
3.38823 -8.21482
1.79697 2.47194
-8.24256 8.07625
-1.25475 11.8922
-7.90741 7.71014
2.84043 9.71272
-9.02258 -5.73773
-10.256 1.84819
-5.85347 11.9821
7.90449 -10.6969
-10.8539 -4.64616
-2.20957 9.43967
-8.8436 0.35555
5.17855 -4.8321
5.80216 8.52236
-1.82585 7.07083
-11.1379 -2.7413
12.3251 10.7567
11.6063 -0.123725
0.794905 0.0618412
8.22261 4.15246
-6.8514 -8.1257
12.1876 1.80558
-1.36382 -7.91081
4.08626 2.80221
11.6531 3.59941
-3.06136 5.37076
5.22845 -6.17951
-9.44976 -3.33911
-10.6822 -1.61359
-9.67574 7.21557
-8.57336 -12.3284
-11.2388 -6.49269
-8.2995 -10.6928
9.99301 3.32015
0.308056 -3.00951
-9.04105 9.46128
3.41072 -7.47003
6.60899 -0.721019
-2.36506 -5.87195
4.02409 8.50592
6.08719 -3.44523
9.85888 3.68786
4.11944 -6.203
