10.9818 -9.29828
-3.88207 -11.9047
-7.88308 0.89692
-12.2264 -4.09603
2.58696 -0.639821
11.1296 -2.42494
-1.27569 0.0251441
11.3431 -10.7498
7.2057 11.9463
-11.31 -9.78449
9.93166 -8.86166
8.97212 -1.81411
-2.5562 -7.24402
10.1479 -8.53648
-7.53744 -0.394547
10.3264 7.6723
7.83206 -2.00868
3.91143 10.7444
9.82832 3.87834
6.44648 -0.0226389
-5.71436 2.32917
2.8476 -11.0043
2.76654 -7.40538
-7.83538 1.06368
11.3134 3.15551
5.68832 0.38272
-2.47603 -8.59396
-11.7739 -4.72049
1.46368 1.63008
-1.73625 6.80521
3.52289 2.9473
-4.22587 9.51288
7.82539 3.12977
-7.15095 6.60218
8.36183 9.6349
-3.47496 -10.7172
3.14359 5.03401
-5.96712 -0.0592417
3.41834 -10.2089
7.78848 11.3364
3.25281 -2.73795
-2.70553 -12.2643
2.5457 -7.07485
7.46529 0.19566
-1.91562 -9.55079
-3.08966 3.58774
-0.515189 9.87185
10.2963 -10.2424
-9.53863 8.15818
-2.09719 -0.848
